XIA 128 15.3344716353915 15.7024989546409
XIA 192 13.1679702448089 20.2260022960264
XIA 256 10.61992447331 21.7496053213389
XIA 320 9.55251549559587 24.4544396687254
XIA 448 6.79810292294505 24.3644008758351
XIA 576 5.32761915884078 24.5496690839383
XIA 704 4.72736117614035 26.6244981440225
XIA 832 3.84619763510508 25.6002914592594
XIA 960 3.41123170026521 26.1982594580368
XIA 1088 2.96783336135363 25.832021577222
XIA 1216 2.57344775126538 25.0344997243096
XIA 1344 2.4534922081194 26.3799482216998
XIA 1472 2.37439159061445 27.9608353710758
XIA 1500 2.19360829093104 26.3232994911725
