XIA 128 12.3038260142478 12.5991178385898
XIA 192 11.4154358734162 17.5341095015673
XIA 256 9.71460050284938 19.8955018298355
XIA 320 9.55480312627675 24.4602960032685
XIA 448 6.84759608025766 24.5417843516434
XIA 576 5.55336236476037 25.5898937768158
XIA 704 4.73379465931347 26.6607315212534
XIA 832 3.86933665563482 25.7543047799054
XIA 960 3.40876111134956 26.1792853351646
XIA 1088 2.98230267931196 25.9579625207313
XIA 1216 2.57450393415665 25.0447742714759
XIA 1344 2.34603586351452 25.2245776045082
XIA 1472 2.36808388567519 27.8865558377111
XIA 1500 2.19265491166676 26.3118589400012
