XIA 192 9.51793443816927 14.619547297028
XIA 256 8.76537726429524 17.9514926372767
XIA 320 8.31661610268429 21.2905372228718
XIA 448 6.98709723060804 25.0417564744992
XIA 576 5.40262309055101 24.8952872012591
XIA 704 4.57678713908225 25.7764651673112
XIA 832 3.87724509767289 25.8069433701108
XIA 960 3.28158496735453 25.2025725492828
XIA 1088 3.11694361983057 27.1298772670053
XIA 1216 2.67853354328634 26.0567743090895
XIA 1344 2.37769254544616 25.5649502486372
XIA 1472 2.36678682960211 27.8712817053944
XIA 1500 2.11266650949724 25.3519981139669
