XIA 192 8.75037305650561 13.4405730147926
XIA 256 8.50506935921711 17.4183820476766
XIA 320 7.73019978433467 19.7893114478968
XIA 448 6.74588464932452 24.1772505831791
XIA 576 5.51587073892497 25.4171323649662
XIA 704 4.59831479728714 25.8977089383212
XIA 832 3.91614335300217 26.0658501575824
XIA 960 3.4106971074529 26.1941537852383
XIA 1088 3.00276697094873 26.1360837151378
XIA 1216 2.59287409010342 25.2234791485261
XIA 1344 2.36631431952622 25.442611563546
XIA 1472 2.29106902666098 26.9796288579597
XIA 1500 2.10728151920719 25.2873782304863
