IP 64 20.6938540230211 10.5952532597868
IP 128 14.297049477394 14.6401786648514
IP 192 12.4947789930549 19.1919805333323
IP 256 10.9177061930774 22.3594622834225
IP 320 9.46657270213938 24.2344261174768
IP 448 6.81844178623907 24.4372953618808
IP 576 5.36811835170414 24.7362893646527
IP 704 4.54269206235866 25.5844416952039
IP 832 3.88407009555869 25.8523705560386
IP 960 3.41158409714534 26.2009658660762
IP 1088 3.02053019651458 26.2906948304629
IP 1216 2.59003379969072 25.1958488033913
IP 1344 2.45275959628728 26.3720711792808
IP 1472 2.28812939834013 26.9450117948534
IP 1500 2.19739760033253 26.3687712039904
