XIA 128 14.8558863254491 15.2124275972599
XIA 192 12.9245228042993 19.8520670274038
XIA 256 10.61542056044 21.7403813077812
XIA 320 9.35024755629861 23.9366337441244
XIA 448 6.83289290373412 24.4890881669831
XIA 576 5.35189886987973 24.6615499924058
XIA 704 4.74734044275746 26.73702137361
XIA 832 4.05271282184929 26.9748565422289
XIA 960 3.27077347660737 25.1195403003446
XIA 1088 2.99201794348757 26.0425241801158
XIA 1216 2.67720372240353 26.0438378115415
XIA 1344 2.37102303353007 25.4932396565154
XIA 1472 2.37097962810627 27.9206561005794
XIA 1500 2.10989707206668 25.3187648648002
