XIA 128 14.8899661251456 15.2473253121491 10 13.8624635461729 16.0788717689992
XIA 192 12.2465800598044 18.8107469718596 10 11.3333082658863 13.5655189216563 
XIA 256 10.3123920526212 21.1197789237683 10 9.26088224626017 11.089456343349
XIA 320 8.65309222141767 22.1519160868292 10 8.22593155769143 9.07702358672567
XIA 448 6.79810292294505 24.3644008758351
XIA 576 5.32761915884078 24.5496690839383
XIA 704 4.72736117614035 26.6244981440225
XIA 832 3.84619763510508 25.6002914592594
XIA 960 3.41123170026521 26.1982594580368
XIA 1088 2.96783336135363 25.832021577222
XIA 1216 2.57344775126538 25.0344997243096
XIA 1344 2.4534922081194 26.3799482216998
XIA 1472 2.37439159061445 27.9608353710758
XIA 1500 2.19360829093104 26.3232994911725
