XIA 192 10.7882330673312 16.5707259914207 10 10.1941122198279 11.1556585900242 
XIA 256 9.87697313840655 20.2280409874566 10 9.36183029893382 10.064500922409
XIA 320 8.77442080339052 22.4625172566797 10 8.24974679359369 9.22070575199267
XIA 448 6.98709723060804 25.0417564744992
XIA 576 5.40262309055101 24.8952872012591
XIA 704 4.57678713908225 25.7764651673112
XIA 832 3.87724509767289 25.8069433701108
XIA 960 3.28158496735453 25.2025725492828
XIA 1088 3.11694361983057 27.1298772670053
XIA 1216 2.67853354328634 26.0567743090895
XIA 1344 2.37769254544616 25.5649502486372
XIA 1472 2.36678682960211 27.8712817053944
XIA 1500 2.11266650949724 25.3519981139669
