XIA 192 9.88045832231974 15.1763839830831 10 9.68283336860335 10.104751833809 
XIA 256 8.84964167546924 18.124066151361 10 8.30771012972079 9.20391084572797
XIA 320 8.37641789470209 21.4436298104374 10 7.99295450895122 8.62991956333676
XIA 448 6.74588464932452 24.1772505831791
XIA 576 5.51587073892497 25.4171323649662
XIA 704 4.59831479728714 25.8977089383212
XIA 832 3.91614335300217 26.0658501575824
XIA 960 3.4106971074529 26.1941537852383
XIA 1088 3.00276697094873 26.1360837151378
XIA 1216 2.59287409010342 25.2234791485261
XIA 1344 2.36631431952622 25.442611563546
XIA 1472 2.29106902666098 26.9796288579597
XIA 1500 2.10728151920719 25.2873782304863
