XIA 128 14.3738268779234 14.7187987229936 10 12.2915901689953 15.2651247884478
XIA 192 12.3480508905727 18.9666061679197 10 11.9027923405778 12.7858968332174
XIA 256 10.3841460894252 21.2667311911428 10 9.85359955935969 10.8852795377233
XIA 320 8.74851530545223 22.3961991819577 10 7.98307943712175 9.33775790352481
XIA 448 6.83289290373412 24.4890881669831
XIA 576 5.35189886987973 24.6615499924058
XIA 704 4.74734044275746 26.73702137361
XIA 832 4.05271282184929 26.9748565422289
XIA 960 3.27077347660737 25.1195403003446
XIA 1088 2.99201794348757 26.0425241801158
XIA 1216 2.67720372240353 26.0438378115415
XIA 1344 2.37102303353007 25.4932396565154
XIA 1472 2.37097962810627 27.9206561005794
XIA 1500 2.10989707206668 25.3187648648002
